{'GEMM_1024x12288x12288': 95.56721, 
'GEMM_2048x24576x24576': 382.26884, 
'GEMV_1x12288x12288': 0.08874, 
'GEMV_1x24576x24576': 0.17747, 
'gpt3-175B_prefill': 134504.31033600002, 
'gpt3-175B_decode': 256791.26908108802, 
'gpt3-6.7B_prefill': 18330.5489248, 
'gpt3-6.7B_decode': 34895.90673408, 
'Llama-3.1-70B_prefill': 89104.17255999999, 
'Llama-3.1-70B_decode': 169633.35094272, 
'Llama-3.1-8B_prefill': 17820.836416000002, 
'Llama-3.1-8B_decode': 33926.670188544}